4 414 65 27
7 123 29 8
11 560 74 65
14 1070 31 12
16 477 9 78
19 1761 72 79
20 1139 6 34
20 1795 76 4
22 997 72 94
22 1925 43 54
24 538 1 66
25 1972 87 98
26 775 67 41
29 1639 15 57
29 1731 89 15
29 1499 49 15
29 1065 50 68
30 1253 65 83
30 941 2 46
30 1547 30 78
34 296 16 26
34 1998 68 4
38 1451 24 66
40 183 79 13
41 1903 13 58
42 200 88 7
42 687 12 36
43 666 18 30
45 1223 80 45
48 1793 53 79
49 544 7 27
49 1266 58 9
54 219 24 87
55 612 4 55
55 184 62 57
56 1320 86 43
61 471 38 35
61 672 37 68
61 614 93 56
63 1904 69 14
63 44 97 4
63 1297 66 40
64 1503 96 41
65 1478 8 90
66 196 75 76
67 1075 69 37
68 1471 86 70
69 1630 23 74
71 1666 6 69
73 8 68 32
74 1150 3 85
76 250 81 77
76 1396 85 37
77 1649 2 24
78 390 10 64
79 975 25 60
80 343 53 3
82 854 13 76
83 1018 66 31
83 945 19 42
86 645 27 65
89 1318 47 66
94 1432 1 58
95 1468 66 68
96 713 20 57
96 1233 22 42
97 1937 89 16
